59471
57298
13806
18357
8245
61749
9421
2350
29439
31467
540
2330
21180
44334
36682
54239
15070
55192
17335
39723
13586
31574
44483
60016
21166
63200
28579
49496
3450
13639
51280
42092
42087
38983
6846
31582
52472
39820
10755
50219
1367
5604
14017
38924
38683
10846
62618
48597
58499
56242
34016
62161
62149
14430
37201
14796
43305
29111
1459
19939
57243
7129
13562
56947
56493
52355
54589
28921
9457
21363
51407
18257
43108
39973
12556
29414
12352
46917
35995
61973
1276
40357
24014
55939
49823
34748
62001
54277
13947
34702
49359
37307
32174
51152
34128
15559
54528
1580
51518
31677
6653
45160
11878
42399
45021
24690
13369
56702
45527
13045
49622
3719
19877
51906
52716
44588
5372
29084
39089
38081
43331
8446
4423
21314
35515
52091
58119
208
4408
48538
61223
16956
49502
39914
32571
9182
48027
26530
38114
32829
60156
5038
25863
65304
46707
56804
16796
65049
12557
41876
7700
55681
22914
22954
6351
23949
47434
18401
22875
39723
17318
32712
26616
49834
28629
42122
25002
65278
15189
39638
1095
62120
43931
18992
8962
28259
65262
42467
15552
10163
35689
44087
30134
42110
11987
41723
23623
44908
39743
18575
39284
35027
135
62791
56921
40985
60093
16898
9628
2938
22358
64167
18583
44761
16070
13838
14239
12106
13355
60676
4680
30536
29107
26534
21308
55439
11169
10184
8833
21351
26291
28784
15316
26943
46725
18990
13474
14528
11811
35392
2361
44477
48699
21337
57917
60936
6673
11004
56741
8095
48068
49518
10421
21191
35627
7460
60857
3592
7527
61712
18
24774
12236
30618
65215
52611
27693
30479
65506
1339
18401
55165
6797
43902
55210
61970
7721
60938
16875
1833
64433
964
25558
56984
19370
60808
44620
52645
40923
32926
61927
19368
4119
42378
6041
64036
33191
16502
49768
60133
20464
49354
51130
57166
13874
22054
56334
56066
5400
8147
58108
23174
36386
56139
63481
47041
35441
1288
35685
13154
58645
38471
12643
61166
23040
31099
61420
6132
64916
2001
48121
5643
17518
55962
17519
47796
41724
36403
20817
160
6112
48888
41078
40740
19971
11931
56120
41818
9096
9904
44081
62059
13255
32541
7642
25721
58460
14877
54324
26004
31375
7759
51701
22057
61142
45055
30174
24370
51876
8085
27796
64467
2234
21043
6010
635
5366
54672
9998
42880
64810
65171
18551
31286
13419
28227
63295
12495
62624
61373
14166
44548
522
59093
40251
49961
391
4030
25626
2266
36717
63253
55531
50473
8586
38113
5992
16325
32282
46878
53087
26470
10968
12084
28574
6200
54714
60352
58550
15635
64498
39789
59015
1416
20047
6287
15600
23848
52169
34374
11141
5475
48852
45237
25367
61193
42796
18824
3905
2889
17402
498
19313
45520
65509
12868
1864
47982
48605
49001
713
442
45302
44549
33064
44417
30434
25621
57852
7018
731
62203
54762
53304
8501
65298
2622
57571
2493
30039
12284
36530
56180
24085
17383
12412
12030
49766
7918
59639
39056
62652
5802
62012
54931
10284
58782
18743
6645
20874
6012
23624
55290
58995
51351
44941
42617
27590
62887
37729
61921
33961
50145
30301
52131
38799
50620
47260
30390
19956
6267
24992
49745
30662
26213
43460
12224
58193
4907
58291
33481
55231
41029
13861
56177
18871
18294
33392
12221
61643
53107
19870
47892
55429
15077
4015
17099
16902
31291
48194
23311
62138
9697
63611
53384
51975
13853
22758
8271
33716
203
18058
19742
11354
41302
10591
11420
52872
36138
4057
30205
60123
1112
58193
56047
15651
27651
63589
26688
54624
25592
23764
27650
33469
39864
6763
30384
22092
27209
62541
31410
37732
59663
8627
1432
19694
37211
45891
30453
43169
63527
42686
36288
58579
26714
62471
46452
51563
35731
57060
60243
50028
41168
40576
39182
4604
39126
34493
18565
52890
52970
42096
64204
17989
35567
33880
18222
49446
27932
16890
15391
4087
52426
7972
34750
48151
49286
43853
24151
42873
22185
54160
20282
1656
45275
15531
4539
36148
33511
47285
55592
14092
33732
63042
60855
26379
57262
9896
54673
5603
45312
2435
60143
3068
3191
52275
44686
40432
45481
33256
51017
17951
62315
43799
29692
43263
49771
40804
13101
55708
55308
33314
46925
64179
3487
19684
34444
60740
50607
1194
13462
37214
38789
14746
17268
2015
57776
57158
57677
24048
37902
32772
56127
29541
1646
61899
56409
50756
33541
29144
676
64942
54640
22254
50791
40827
35961
5210
24625
48214
8270
51724
15523
41036
7350
5303
34822
45012
8497
48124
35658
42327
44088
32870
1731
57358
32013
61422
12467
33779
62812
22976
46350
53989
29413
51635
29899
37390
38596
13625
44067
2943
60604
36600
11284
31742
18089
26612
64331
38733
24585
48461
47278
31599
18583
62625
44342
35862
36039
16134
32509
33994
52296
20439
50061
49279
13182
47436
20192
35505
14752
18779
36411
63196
52186
26086
46505
35202
13049
58375
11074
10310
7859
60314
51241
42740
17480
43588
2846
39994
26516
28720
47006
21556
51907
6474
3330
65345
19237
44901
28489
2860
40466
4497
9599
47463
33040
14956
35822
61898
26940
55088
35154
23422
35121
9153
14745
26735
28362
4366
1392
6259
9538
17264
59234
19181
43233
25129
33944
58936
39228
61456
19467
30118
54085
44118
49638
4091
58921
33040
59814
62151
62083
51245
53066
47550
19497
12075
6580
3489
22716
33311
26074
4989
25040
61444
44639
27815
64971
63708
60746
49273
63535
47699
24761
15502
15802
3453
50981
17749
54316
14366
38711
27024
46543
29227
45431
9754
65272
19682
35511
56797
1430
2093
1035
47959
4294
64952
29665
48808
44729
43666
8820
44007
25111
14784
13728
43895
11147
14056
48249
26390
33082
47475
60685
5509
39308
41401
23972
61747
41683
43937
59913
57197
608
10419
23551
53958
1423
12082
55123
38766
25325
16565
27989
243
27210
43265
17390
51451
3488
45623
2417
9160
54111
56663
21261
5228
59919
29368
18216
46458
46813
21735
4840
62967
24944
11809
4425
5078
45267
64844
56875
26449
31914
8026
26529
50012
35837
9581
14044
53664
54763
52091
57269
53721
10358
61001
48376
6038
34057
28495
49139
31855
24898
2313
15894
55768
6945
29461
57180
64347
37588
9057
24274
31268
5935
1206
60162
39924
52699
45979
2525
52152
64160
3304
53718
8101
4860
60883
41945
53760
18952
4060
56978
44261
11601
35906
65149
26767
